46
1749.3
1084.73
598
8
2094
2
9
true
45
3182.18
1558.61
791
4
2071
66
90
false
42
1618.93
1011.57
589
5
2047
81
96
true
39
221.33
2120.48
11
5
2030
40
56
true
35
1413.88
1970.13
716
12
2072
11
23
true
32
2235.67
448.45
32
8
2044
47
97
true
31
1796.93
1101.08
257
12
2013
83
79
true
28
1046.96
2266.42
944
2
2052
35
15
false
26
2272.76
2222.84
552
7
2036
9
95
true
25
2035.27
1005.97
347
5
2033
79
60
true
21
1019.16
873.21
677
11
2080
50
92
true
65
1071.65
1444.71
29
10
2061
11
59
true
15
2716.37
2123.87
367
4
2078
70
38
true
13
858.01
2272.28
351
3
2047
41
31
true
58
441.08
2355.07
233
7
2012
14
74
true
100
1067.59
2080.36
1003
3
2028
21
25
true
52
845.39
149.4
406
1
2077
68
95
true
2
886.81
2694.34
406
2
2083
46
69
true
49
877.76
2463.63
154
11
2089
69
44
true
1
2065.26
1936.36
283
10
2087
59
70
true
