91
1818.79
569.61
476
10
2077
44
73
true
90
3068.23
2968.33
724
3
2021
85
96
true
41
65.41
3162.56
71
3
2075
72
78
true
88
1842.51
2805.81
27
7
2014
28
59
true
39
1322.7
2804.38
155
10
2037
85
97
true
81
2063.7
1732.73
637
12
2061
28
39
true
33
2616.78
1243.47
594
1
2060
28
74
true
80
1208.92
1477.46
723
10
2033
85
52
true
28
1307.71
1963.0
337
5
2026
18
61
true
72
2087.62
2292.61
1013
12
2092
50
54
true
22
3032.37
1164.02
194
1
2057
12
49
true
68
629.37
1657.64
629
12
2008
16
92
true
17
2912.15
1509.74
249
10
2095
65
33
true
63
790.56
868.88
343
6
2034
45
45
true
62
2446.4
408.43
335
2
2021
15
94
true
59
253.42
2447.02
337
5
2006
32
56
true
9
2455.65
862.78
964
7
2032
57
54
true
52
3192.65
1447.28
191
2
2063
30
90
true
4
2188.23
2113.87
352
5
2044
91
64
true
97
2386.63
1261.1
458
11
2039
34
44
true
